1654124137805
1654624084535
1653024049356
1653724074572
1654224127669
1654124222324
1654424246636
1654124076690
1652224043019
1654224136082
1654324170050
1654824109799
1654124189978
1654624075293
1654424039874
1652924048337
1654824090676
1654624074507
1652324015793
1652924025614
1654124077480
1654124141219
1655123036051
1650324002451
1650324003547
1650224089672
1650124041092
1650324003516
1650324008726
1655223016713
1650224051940
1650324066483
1650324046754
1655123039039
1655123036056
1654523021333
1655123035620
1650224019590
1655023064384
1655223086473
1655123037551
1650224009415
1324922011660
1651624018714
1651124038970
1650424029182
1650224084507
1652923012535
1650423005052
1650924047334
1650524036855
1651324056615
1654523027489
1655222004462
1650423010769
1650623010358
1652323050250
1650824028222
1653524123066
1651124045363
1653324107223
1654124002776
1322822030287
1322822080115
1322822016214
1322822014976
1653022024130
1652922034225
1323222005846
1322922049563
1654322010324
1654422002566
1650424033919
1650424033662
1650424032449
1651723006557
1651923012363
1651923012654
1564121000002
1655222021576
1654322009308
1563321000015
1651622024168
1653023025290
1651623015111
1654923082585
1654723045062
1654823046075
1654823047466
1651123017349
1650524051980
1650924067258
1650624022261
1650324092388
1650324091615
1650324049874
1650324092381
1655223073225
1654223013608
1654223012807
1650524056814
1323222053573
1322922007236
1322822079760
1652922033526
1321022090083
1322822087070
1564121000058
1653523066995
1565221000009
1654222017086
1652222006849
1565221000030
